image_width: 3034
image_height: 2275
camera_name: endo_cam_l
camera_matrix:
  rows: 3
  cols: 3
  data: [854.30016000000001, 0, 459.71498200000002, 0, 853.94136900000001, 289.50792999999999, 0, 0, 1]
distortion_model: plumb_bob
distortion_coefficients:
  rows: 1
  cols: 5
  data: [-0.43604799999999999, 0.222612, 0.00762, 0.00031, -0]
rectification_matrix:
  rows: 3
  cols: 3
  data: [0.99951610671711066, -0.010464688414903068, 0.029292366060948913, 0.010500305345838514, 0.99994430594989048, -0.0010623493003779206, -0.029279617496029444, 0.001369414024629432, 0.9995703220406833]
projection_matrix:
  rows: 3
  cols: 4
  data: [-20402.110943118907, 0, 5565.9733932375912, 0, 0, -20402.110943118907, 3360.8140540122986, 0, 0, 0, 1, 0]
