image_width: 3034
image_height: 2275
camera_name: endo_cam_r
camera_matrix:
  rows: 3
  cols: 3
  data: [852.98062800000002, 0, 589.87875399999996, 0, 851.86484099999996, 360.69164699999999, 0, 0, 1]
distortion_model: plumb_bob
distortion_coefficients:
  rows: 1
  cols: 5
  data: [-0.41613600000000001, -1.5e-05, 0.0059420000000000002, 0.0053, -0]
rectification_matrix:
  rows: 3
  cols: 3
  data: [0.99837650991568438, -0.0067151940958398576, 0.056561918433101231, 0.0066463802729743266, 0.99997692603977495, 0.0014046413455335381, -0.056570045764915353, -0.0010264289053616917, 0.99839810514937255]
projection_matrix:
  rows: 3
  cols: 4
  data: [-20402.110943118907, 0, 5565.9733932375912, 857.71637201484054, 0, -20402.110943118907, 3360.8140540122986, 0, 0, 0, 1, 0]
